100	0	264600
100	132300	396900
1000	0	264600
1000	132300	396900
1001	0	264600
1001	132300	396900
1002	0	264600
1002	132300	396900
1003	0	264600
1003	132300	396900
1004	0	264600
1004	132300	396900
1005	0	264600
1005	132300	396900
1006	0	264600
1006	132300	396900
1007	0	264600
1007	132300	396900
1008	0	264600
1008	132300	396900
1009	0	264600
1009	132300	396900
101	0	264600
101	132300	396900
1010	0	264600
1010	132300	396900
1011	0	264600
1011	132300	396900
1012	0	264600
1012	132300	396900
1013	0	264600
1013	132300	396900
1014	0	264600
1014	132300	396900
1015	0	264600
1015	132300	396900
1016	0	264600
1016	132300	396900
1017	0	264600
1017	132300	396900
1018	0	264600
1018	132300	396900
1019	0	264600
1019	132300	396900
102	0	264600
102	132300	396900
1020	0	264600
1020	132300	396900
1021	0	264600
1021	132300	396900
1022	0	264600
1022	132300	396900
1023	0	264600
1023	132300	396900
1024	0	264600
1024	132300	396900
1025	0	264600
1025	132300	396900
1026	0	264600
1026	132300	396900
1027	0	264600
1027	132300	396900
1028	0	264600
1028	132300	396900
1029	0	264600
1029	132300	396900
103	0	264600
103	132300	396900
1030	0	264600
1030	132300	396900
1031	0	264600
1031	132300	396900
1032	0	264600
1032	132300	396900
1033	0	264600
1033	132300	396900
1034	0	264600
1034	132300	396900
1035	0	264600
1035	132300	396900
1036	0	264600
1036	132300	396900
1037	0	264600
1037	132300	396900
1038	0	264600
1038	132300	396900
1039	0	264600
1039	132300	396900
104	0	264600
104	132300	396900
1040	0	264600
1040	132300	396900
1041	0	264600
1041	132300	396900
1042	0	264600
1042	132300	396900
1043	0	264600
1043	132300	396900
1044	0	264600
1044	132300	396900
1045	0	264600
1045	132300	396900
1046	0	264600
1046	132300	396900
1047	0	264600
1047	132300	396900
1048	0	264600
1048	132300	396900
1049	0	264600
1049	132300	396900
105	0	264600
105	132300	396900
1050	0	264600
1050	132300	396900
1051	0	264600
1051	132300	396900
1052	0	264600
1052	132300	396900
1053	0	264600
1053	132300	396900
1054	0	264600
1054	132300	396900
1055	0	264600
1055	132300	396900
1056	0	264600
1056	132300	396900
1057	0	264600
1057	132300	396900
1058	0	264600
1058	132300	396900
1059	0	264600
1059	132300	396900
106	0	264600
106	132300	396900
1060	0	264600
1060	132300	396900
1061	0	264600
1061	132300	396900
1062	0	264600
1062	132300	396900
1063	0	264600
1063	132300	396900
1064	0	264600
1064	132300	396900
1065	0	264600
1065	132300	396900
1066	0	264600
1066	132300	396900
1067	0	264600
1067	132300	396900
1068	0	264600
1068	132300	396900
1069	0	264600
1069	132300	396900
107	0	264600
107	132300	396900
1070	0	264600
1070	132300	396900
1071	0	264600
1071	132300	396900
1072	0	264600
1072	132300	396900
1073	0	264600
1073	132300	396900
1074	0	264600
1074	132300	396900
1075	0	264600
1075	132300	396900
1076	0	264600
1076	132300	396900
1077	0	264600
1077	132300	396900
1078	0	264600
1078	132300	396900
1079	0	264600
1079	132300	396900
108	0	264600
108	132300	396900
1080	0	264600
1080	132300	396900
1081	0	264600
1081	132300	396900
1082	0	264600
1082	132300	396900
1083	0	264600
1083	132300	396900
1084	0	264600
1084	132300	396900
1085	0	264600
1085	132300	396900
1086	0	264600
1086	132300	396900
1087	0	264600
1087	132300	396900
1088	0	264600
1088	132300	396900
1089	0	264600
1089	132300	396900
109	0	264600
109	132300	396900
1090	0	264600
1090	132300	396900
1091	0	264600
1091	132300	396900
1092	0	264600
1092	132300	396900
1093	0	264600
1093	132300	396900
1094	0	264600
1094	132300	396900
1095	0	264600
1095	132300	396900
1096	0	264600
1096	132300	396900
1097	0	264600
1097	132300	396900
1098	0	264600
1098	132300	396900
1099	0	264600
1099	132300	396900
110	0	264600
110	132300	396900
1100	0	264600
1100	132300	396900
1101	0	264600
1101	132300	396900
1102	0	264600
1102	132300	396900
1103	0	264600
1103	132300	396900
1104	0	264600
1104	132300	396900
1105	0	264600
1105	132300	396900
1106	0	264600
1106	132300	396900
1107	0	264600
1107	132300	396900
1108	0	264600
1108	132300	396900
1109	0	264600
1109	132300	396900
111	0	264600
111	132300	396900
1110	0	264600
1110	132300	396900
1111	0	264600
1111	132300	396900
1112	0	264600
1112	132300	396900
1113	0	264600
1113	132300	396900
1114	0	264600
1114	132300	396900
1115	0	264600
1115	132300	396900
1116	0	264600
1116	132300	396900
1117	0	264600
1117	132300	396900
1118	0	264600
1118	132300	396900
1119	0	264600
1119	132300	396900
112	0	264600
112	132300	396900
1120	0	264600
1120	132300	396900
1121	0	264600
1121	132300	396900
1122	0	264600
1122	132300	396900
1123	0	264600
1123	132300	396900
1124	0	264600
1124	132300	396900
1125	0	264600
1125	132300	396900
1126	0	264600
1126	132300	396900
1127	0	264600
1127	132300	396900
1128	0	264600
1128	132300	396900
1129	0	264600
1129	132300	396900
113	0	264600
113	132300	396900
1130	0	264600
1130	132300	396900
1131	0	264600
1131	132300	396900
1132	0	264600
1132	132300	396900
1133	0	264600
1133	132300	396900
1134	0	264600
1134	132300	396900
1135	0	264600
1135	132300	396900
1136	0	264600
1136	132300	396900
1137	0	264600
1137	132300	396900
1138	0	264600
1138	132300	396900
1139	0	264600
1139	132300	396900
114	0	264600
114	132300	396900
1140	0	264600
1140	132300	396900
1141	0	264600
1141	132300	396900
1142	0	264600
1142	132300	396900
1143	0	264600
1143	132300	396900
1144	0	264600
1144	132300	396900
1145	0	264600
1145	132300	396900
1146	0	264600
1146	132300	396900
1147	0	264600
1147	132300	396900
1148	0	264600
1148	132300	396900
1149	0	264600
1149	132300	396900
115	0	264600
115	132300	396900
1150	0	264600
1150	132300	396900
1151	0	264600
1151	132300	396900
1152	0	264600
1152	132300	396900
1153	0	264600
1153	132300	396900
1154	0	264600
1154	132300	396900
1155	0	264600
1155	132300	396900
1156	0	264600
1156	132300	396900
1157	0	264600
1157	132300	396900
1158	0	264600
1158	132300	396900
1159	0	264600
1159	132300	396900
116	0	264600
116	132300	396900
1160	0	264600
1160	132300	396900
1161	0	264600
1161	132300	396900
1162	0	264600
1162	132300	396900
1163	0	264600
1163	132300	396900
1164	0	264600
1164	132300	396900
1165	0	264600
1165	132300	396900
1166	0	264600
1166	132300	396900
1167	0	264600
1167	132300	396900
1168	0	264600
1168	132300	396900
1169	0	264600
1169	132300	396900
117	0	264600
117	132300	396900
1170	0	264600
1170	132300	396900
1171	0	264600
1171	132300	396900
1172	0	264600
1172	132300	396900
1173	0	264600
1173	132300	396900
1174	0	264600
1174	132300	396900
1175	0	264600
1175	132300	396900
1176	0	264600
1176	132300	396900
1177	0	264600
1177	132300	396900
1178	0	264600
1178	132300	396900
1179	0	264600
1179	132300	396900
118	0	264600
118	132300	396900
1180	0	264600
1180	132300	396900
1181	0	264600
1181	132300	396900
1182	0	264600
1182	132300	396900
1183	0	264600
1183	132300	396900
1184	0	264600
1184	132300	396900
1185	0	264600
1185	132300	396900
1186	0	264600
1186	132300	396900
1187	0	264600
1187	132300	396900
1188	0	264600
1188	132300	396900
1189	0	264600
1189	132300	396900
119	0	264600
119	132300	396900
1190	0	264600
1190	132300	396900
1191	0	264600
1191	132300	396900
1192	0	264600
1192	132300	396900
1193	0	264600
1193	132300	396900
1194	0	264600
1194	132300	396900
1195	0	264600
1195	132300	396900
1196	0	264600
1196	132300	396900
1197	0	264600
1197	132300	396900
1198	0	264600
1198	132300	396900
1199	0	264600
1199	132300	396900
120	0	264600
120	132300	396900
1200	0	264600
1200	132300	396900
1201	0	264600
1201	132300	396900
1202	0	264600
1202	132300	396900
1203	0	264600
1203	132300	396900
1204	0	264600
1204	132300	396900
1205	0	264600
1205	132300	396900
1206	0	264600
1206	132300	396900
1207	0	264600
1207	132300	396900
1208	0	264600
1208	132300	396900
1209	0	264600
1209	132300	396900
121	0	264600
121	132300	396900
1210	0	264600
1210	132300	396900
1211	0	264600
1211	132300	396900
1212	0	264600
1212	132300	396900
1213	0	264600
1213	132300	396900
1214	0	264600
1214	132300	396900
1215	0	264600
1215	132300	396900
1216	0	264600
1216	132300	396900
1217	0	264600
1217	132300	396900
1218	0	264600
1218	132300	396900
1219	0	264600
1219	132300	396900
122	0	264600
122	132300	396900
1220	0	264600
1220	132300	396900
1221	0	264600
1221	132300	396900
1222	0	264600
1222	132300	396900
1223	0	264600
1223	132300	396900
1224	0	264600
1224	132300	396900
1225	0	264600
1225	132300	396900
1226	0	264600
1226	132300	396900
1227	0	264600
1227	132300	396900
1228	0	264600
1228	132300	396900
1229	0	264600
1229	132300	396900
123	0	264600
123	132300	396900
1230	0	264600
1230	132300	396900
1231	0	264600
1231	132300	396900
1232	0	264600
1232	132300	396900
1233	0	264600
1233	132300	396900
1234	0	264600
1234	132300	396900
1235	0	264600
1235	132300	396900
1236	0	264600
1236	132300	396900
1237	0	264600
1237	132300	396900
1238	0	264600
1238	132300	396900
1239	0	264600
1239	132300	396900
124	0	264600
124	132300	396900
1240	0	264600
1240	132300	396900
1241	0	264600
1241	132300	396900
1242	0	264600
1242	132300	396900
1243	0	264600
1243	132300	396900
1244	0	264600
1244	132300	396900
1245	0	264600
1245	132300	396900
1246	0	264600
1246	132300	396900
1247	0	264600
1247	132300	396900
1248	0	264600
1248	132300	396900
1249	0	264600
1249	132300	396900
125	0	264600
125	132300	396900
1250	0	264600
1250	132300	396900
1251	0	264600
1251	132300	396900
1252	0	264600
1252	132300	396900
1253	0	264600
1253	132300	396900
1254	0	264600
1254	132300	396900
1255	0	264600
1255	132300	396900
1256	0	264600
1256	132300	396900
1257	0	264600
1257	132300	396900
1258	0	264600
1258	132300	396900
1259	0	264600
1259	132300	396900
126	0	264600
126	132300	396900
1260	0	264600
1260	132300	396900
1261	0	264600
1261	132300	396900
1262	0	264600
1262	132300	396900
1263	0	264600
1263	132300	396900
1264	0	264600
1264	132300	396900
1265	0	264600
1265	132300	396900
1266	0	264600
1266	132300	396900
1267	0	264600
1267	132300	396900
1268	0	264600
1268	132300	396900
1269	0	264600
1269	132300	396900
127	0	264600
127	132300	396900
1270	0	264600
1270	132300	396900
1271	0	264600
1271	132300	396900
1272	0	264600
1272	132300	396900
1273	0	264600
1273	132300	396900
1274	0	264600
1274	132300	396900
1275	0	264600
1275	132300	396900
1276	0	264600
1276	132300	396900
1277	0	264600
1277	132300	396900
1278	0	264600
1278	132300	396900
1279	0	264600
1279	132300	396900
128	0	264600
128	132300	396900
1280	0	264600
1280	132300	396900
1281	0	264600
1281	132300	396900
1282	0	264600
1282	132300	396900
1283	0	264600
1283	132300	396900
1284	0	264600
1284	132300	396900
1285	0	264600
1285	132300	396900
1286	0	264600
1286	132300	396900
1287	0	264600
1287	132300	396900
1288	0	264600
1288	132300	396900
1289	0	264600
1289	132300	396900
129	0	264600
129	132300	396900
1290	0	264600
1290	132300	396900
1291	0	264600
1291	132300	396900
1292	0	264600
1292	132300	396900
1293	0	264600
1293	132300	396900
1294	0	264600
1294	132300	396900
1295	0	264600
1295	132300	396900
1296	0	264600
1296	132300	396900
1297	0	264600
1297	132300	396900
1298	0	264600
1298	132300	396900
1299	0	264600
1299	132300	396900
130	0	264600
130	132300	396900
1300	0	264600
1300	132300	396900
1301	0	264600
1301	132300	396900
1302	0	264600
1302	132300	396900
1303	0	264600
1303	132300	396900
1304	0	264600
1304	132300	396900
1305	0	264600
1305	132300	396900
1306	0	264600
1306	132300	396900
1307	0	264600
1307	132300	396900
1308	0	264600
1308	132300	396900
1309	0	264600
1309	132300	396900
131	0	264600
131	132300	396900
1310	0	264600
1310	132300	396900
1311	0	264600
1311	132300	396900
1312	0	264600
1312	132300	396900
1313	0	264600
1313	132300	396900
1314	0	264600
1314	132300	396900
1315	0	264600
1315	132300	396900
1316	0	264600
1316	132300	396900
1317	0	264600
1317	132300	396900
1318	0	264600
1318	132300	396900
1319	0	264600
1319	132300	396900
132	0	264600
132	132300	396900
1320	0	264600
1320	132300	396900
1321	0	264600
1321	132300	396900
1322	0	264600
1322	132300	396900
1323	0	264600
1323	132300	396900
1324	0	264600
1324	132300	396900
1325	0	264600
1325	132300	396900
1326	0	264600
1326	132300	396900
1327	0	264600
1327	132300	396900
1328	0	264600
1328	132300	396900
1329	0	264600
1329	132300	396900
133	0	264600
133	132300	396900
1330	0	264600
1330	132300	396900
1331	0	264600
1331	132300	396900
1332	0	264600
1332	132300	396900
1333	0	264600
1333	132300	396900
1334	0	264600
1334	132300	396900
1335	0	264600
1335	132300	396900
1336	0	264600
1336	132300	396900
1337	0	264600
1337	132300	396900
1338	0	264600
1338	132300	396900
1339	0	264600
1339	132300	396900
134	0	264600
134	132300	396900
1340	0	264600
1340	132300	396900
1341	0	264600
1341	132300	396900
1342	0	264600
1342	132300	396900
1343	0	264600
1343	132300	396900
1344	0	264600
1344	132300	396900
1345	0	264600
1345	132300	396900
1346	0	264600
1346	132300	396900
1347	0	264600
1347	132300	396900
1348	0	264600
1348	132300	396900
1349	0	264600
1349	132300	396900
135	0	264600
135	132300	396900
1350	0	264600
1350	132300	396900
1351	0	264600
1351	132300	396900
1352	0	264600
1352	132300	396900
1353	0	264600
1353	132300	396900
1354	0	264600
1354	132300	396900
1355	0	264600
1355	132300	396900
1356	0	264600
1356	132300	396900
1357	0	264600
1357	132300	396900
1358	0	264600
1358	132300	396900
1359	0	264600
1359	132300	396900
136	0	264600
136	132300	396900
1360	0	264600
1360	132300	396900
1361	0	264600
1361	132300	396900
1362	0	264600
1362	132300	396900
1363	0	264600
1363	132300	396900
1364	0	264600
1364	132300	396900
1365	0	264600
1365	132300	396900
1366	0	264600
1366	132300	396900
1367	0	264600
1367	132300	396900
1368	0	264600
1368	132300	396900
1369	0	264600
1369	132300	396900
137	0	264600
137	132300	396900
1370	0	264600
1370	132300	396900
1371	0	264600
1371	132300	396900
1372	0	264600
1372	132300	396900
1373	0	264600
1373	132300	396900
1374	0	264600
1374	132300	396900
1375	0	264600
1375	132300	396900
1376	0	264600
1376	132300	396900
1377	0	264600
1377	132300	396900
1378	0	264600
1378	132300	396900
1379	0	264600
1379	132300	396900
138	0	264600
138	132300	396900
1380	0	264600
1380	132300	396900
1381	0	264600
1381	132300	396900
1382	0	264600
1382	132300	396900
1383	0	264600
1383	132300	396900
1384	0	264600
1384	132300	396900
1385	0	264600
1385	132300	396900
1386	0	264600
1386	132300	396900
1387	0	264600
1387	132300	396900
1388	0	264600
1388	132300	396900
1389	0	264600
1389	132300	396900
139	0	264600
139	132300	396900
1390	0	264600
1390	132300	396900
1391	0	264600
1391	132300	396900
1392	0	264600
1392	132300	396900
1393	0	264600
1393	132300	396900
1394	0	264600
1394	132300	396900
1395	0	264600
1395	132300	396900
1396	0	264600
1396	132300	396900
1397	0	264600
1397	132300	396900
1398	0	264600
1398	132300	396900
1399	0	264600
1399	132300	396900
140	0	264600
140	132300	396900
1400	0	264600
1400	132300	396900
1401	0	264600
1401	132300	396900
1402	0	264600
1402	132300	396900
1403	0	264600
1403	132300	396900
1404	0	264600
1404	132300	396900
1405	0	264600
1405	132300	396900
1406	0	264600
1406	132300	396900
1407	0	264600
1407	132300	396900
1408	0	264600
1408	132300	396900
1409	0	264600
1409	132300	396900
141	0	264600
141	132300	396900
1410	0	264600
1410	132300	396900
1411	0	264600
1411	132300	396900
1412	0	264600
1412	132300	396900
1413	0	264600
1413	132300	396900
1414	0	264600
1414	132300	396900
1415	0	264600
1415	132300	396900
1416	0	264600
1416	132300	396900
1417	0	264600
1417	132300	396900
1418	0	264600
1418	132300	396900
1419	0	264600
1419	132300	396900
142	0	264600
142	132300	396900
1420	0	264600
1420	132300	396900
1421	0	264600
1421	132300	396900
1422	0	264600
1422	132300	396900
1423	0	264600
1423	132300	396900
1424	0	264600
1424	132300	396900
1425	0	264600
1425	132300	396900
1426	0	264600
1426	132300	396900
1427	0	264600
1427	132300	396900
1428	0	264600
1428	132300	396900
1429	0	264600
1429	132300	396900
143	0	264600
143	132300	396900
1430	0	264600
1430	132300	396900
1431	0	264600
1431	132300	396900
1432	0	264600
1432	132300	396900
1433	0	264600
1433	132300	396900
1434	0	264600
1434	132300	396900
1435	0	264600
1435	132300	396900
1436	0	264600
1436	132300	396900
1437	0	264600
1437	132300	396900
1438	0	264600
1438	132300	396900
1439	0	264600
1439	132300	396900
144	0	264600
144	132300	396900
1440	0	264600
1440	132300	396900
1441	0	264600
1441	132300	396900
1442	0	264600
1442	132300	396900
1443	0	264600
1443	132300	396900
1444	0	264600
1444	132300	396900
1445	0	264600
1445	132300	396900
1446	0	264600
1446	132300	396900
1447	0	264600
1447	132300	396900
1448	0	264600
1448	132300	396900
1449	0	264600
1449	132300	396900
145	0	264600
145	132300	396900
1450	0	264600
1450	132300	396900
1451	0	264600
1451	132300	396900
1452	0	264600
1452	132300	396900
1453	0	264600
1453	132300	396900
1454	0	264600
1454	132300	396900
1455	0	264600
1455	132300	396900
1456	0	264600
1456	132300	396900
1457	0	264600
1457	132300	396900
1458	0	264600
1458	132300	396900
1459	0	264600
1459	132300	396900
146	0	264600
146	132300	396900
1460	0	264600
1460	132300	396900
1461	0	264600
1461	132300	396900
1462	0	264600
1462	132300	396900
1463	0	264600
1463	132300	396900
1464	0	264600
1464	132300	396900
1465	0	264600
1465	132300	396900
1466	0	264600
1466	132300	396900
1467	0	264600
1467	132300	396900
1468	0	264600
1468	132300	396900
1469	0	264600
1469	132300	396900
147	0	264600
147	132300	396900
1470	0	264600
1470	132300	396900
1471	0	264600
1471	132300	396900
1472	0	264600
1472	132300	396900
1473	0	264600
1473	132300	396900
1474	0	264600
1474	132300	396900
1475	0	264600
1475	132300	396900
1476	0	264600
1476	132300	396900
1477	0	264600
1477	132300	396900
1478	0	264600
1478	132300	396900
1479	0	264600
1479	132300	396900
148	0	264600
148	132300	396900
1480	0	264600
1480	132300	396900
1481	0	264600
1481	132300	396900
1482	0	264600
1482	132300	396900
1483	0	264600
1483	132300	396900
1484	0	264600
1484	132300	396900
1485	0	264600
1485	132300	396900
1486	0	264600
1486	132300	396900
1487	0	264600
1487	132300	396900
1488	0	264600
1488	132300	396900
1489	0	264600
1489	132300	396900
149	0	264600
149	132300	396900
1490	0	264600
1490	132300	396900
1491	0	264600
1491	132300	396900
1492	0	264600
1492	132300	396900
1493	0	264600
1493	132300	396900
1494	0	264600
1494	132300	396900
1495	0	264600
1495	132300	396900
1496	0	264600
1496	132300	396900
1497	0	264600
1497	132300	396900
1498	0	264600
1498	132300	396900
1499	0	264600
1499	132300	396900
150	0	264600
150	132300	396900
1500	0	264600
1500	132300	396900
1501	0	264600
1501	132300	396900
1502	0	264600
1502	132300	396900
1503	0	264600
1503	132300	396900
1504	0	264600
1504	132300	396900
1505	0	264600
1505	132300	396900
1506	0	264600
1506	132300	396900
1507	0	264600
1507	132300	396900
1508	0	264600
1508	132300	396900
1509	0	264600
1509	132300	396900
151	0	264600
151	132300	396900
1510	0	264600
1510	132300	396900
1511	0	264600
1511	132300	396900
1512	0	264600
1512	132300	396900
1513	0	264600
1513	132300	396900
1514	0	264600
1514	132300	396900
1515	0	264600
1515	132300	396900
1516	0	264600
1516	132300	396900
1517	0	264600
1517	132300	396900
1518	0	264600
1518	132300	396900
1519	0	264600
1519	132300	396900
152	0	264600
152	132300	396900
1520	0	264600
1520	132300	396900
1521	0	264600
1521	132300	396900
1522	0	264600
1522	132300	396900
1523	0	264600
1523	132300	396900
1524	0	264600
1524	132300	396900
1525	0	264600
1525	132300	396900
1526	0	264600
1526	132300	396900
1527	0	264600
1527	132300	396900
1528	0	264600
1528	132300	396900
1529	0	264600
1529	132300	396900
153	0	264600
153	132300	396900
1530	0	264600
1530	132300	396900
1531	0	264600
1531	132300	396900
1532	0	264600
1532	132300	396900
1533	0	264600
1533	132300	396900
1534	0	264600
1534	132300	396900
1535	0	264600
1535	132300	396900
1536	0	264600
1536	132300	396900
1537	0	264600
1537	132300	396900
1538	0	264600
1538	132300	396900
1539	0	264600
1539	132300	396900
154	0	264600
154	132300	396900
1540	0	264600
1540	132300	396900
1541	0	264600
1541	132300	396900
1542	0	264600
1542	132300	396900
1543	0	264600
1543	132300	396900
1544	0	264600
1544	132300	396900
1545	0	264600
1545	132300	396900
1546	0	264600
1546	132300	396900
1547	0	264600
1547	132300	396900
1548	0	264600
1548	132300	396900
1549	0	264600
1549	132300	396900
155	0	264600
155	132300	396900
1550	0	264600
1550	132300	396900
1551	0	264600
1551	132300	396900
1552	0	264600
1552	132300	396900
1553	0	264600
1553	132300	396900
1554	0	264600
1554	132300	396900
1555	0	264600
1555	132300	396900
1556	0	264600
1556	132300	396900
1557	0	264600
1557	132300	396900
1558	0	264600
1558	132300	396900
1559	0	264600
1559	132300	396900
156	0	264600
156	132300	396900
1560	0	264600
1560	132300	396900
1561	0	264600
1561	132300	396900
1562	0	264600
1562	132300	396900
1563	0	264600
1563	132300	396900
1564	0	264600
1564	132300	396900
1565	0	264600
1565	132300	396900
1566	0	264600
1566	132300	396900
1567	0	264600
1567	132300	396900
1568	0	264600
1568	132300	396900
1569	0	264600
1569	132300	396900
157	0	264600
157	132300	396900
1570	0	264600
1570	132300	396900
1571	0	264600
1571	132300	396900
1572	0	264600
1572	132300	396900
1573	0	264600
1573	132300	396900
1574	0	264600
1574	132300	396900
1575	0	264600
1575	132300	396900
1576	0	264600
1576	132300	396900
1577	0	264600
1577	132300	396900
1578	0	264600
1578	132300	396900
1579	0	264600
1579	132300	396900
158	0	264600
158	132300	396900
1580	0	264600
1580	132300	396900
1581	0	264600
1581	132300	396900
1582	0	264600
1582	132300	396900
1583	0	264600
1583	132300	396900
1584	0	264600
1584	132300	396900
1585	0	264600
1585	132300	396900
1586	0	264600
1586	132300	396900
1587	0	264600
1587	132300	396900
1588	0	264600
1588	132300	396900
1589	0	264600
1589	132300	396900
159	0	264600
159	132300	396900
1590	0	264600
1590	132300	396900
1591	0	264600
1591	132300	396900
1592	0	264600
1592	132300	396900
1593	0	264600
1593	132300	396900
1594	0	264600
1594	132300	396900
1595	0	264600
1595	132300	396900
1596	0	264600
1596	132300	396900
1597	0	264600
1597	132300	396900
1598	0	264600
1598	132300	396900
1599	0	264600
1599	132300	396900
160	0	264600
160	132300	396900
1600	0	264600
1600	132300	396900
1601	0	264600
1601	132300	396900
1602	0	264600
1602	132300	396900
1603	0	264600
1603	132300	396900
1604	0	264600
1604	132300	396900
1605	0	264600
1605	132300	396900
1606	0	264600
1606	132300	396900
1607	0	264600
1607	132300	396900
1608	0	264600
1608	132300	396900
1609	0	264600
1609	132300	396900
161	0	264600
161	132300	396900
1610	0	264600
1610	132300	396900
1611	0	264600
1611	132300	396900
1612	0	264600
1612	132300	396900
1613	0	264600
1613	132300	396900
1614	0	264600
1614	132300	396900
1615	0	264600
1615	132300	396900
1616	0	264600
1616	132300	396900
1617	0	264600
1617	132300	396900
1618	0	264600
1618	132300	396900
1619	0	264600
1619	132300	396900
162	0	264600
162	132300	396900
1620	0	264600
1620	132300	396900
1621	0	264600
1621	132300	396900
1622	0	264600
1622	132300	396900
1623	0	264600
1623	132300	396900
1624	0	264600
1624	132300	396900
1625	0	264600
1625	132300	396900
1626	0	264600
1626	132300	396900
1627	0	264600
1627	132300	396900
1628	0	264600
1628	132300	396900
1629	0	264600
1629	132300	396900
163	0	264600
163	132300	396900
1630	0	264600
1630	132300	396900
1631	0	264600
1631	132300	396900
1632	0	264600
1632	132300	396900
1633	0	264600
1633	132300	396900
1634	0	264600
1634	132300	396900
1635	0	264600
1635	132300	396900
1636	0	264600
1636	132300	396900
1637	0	264600
1637	132300	396900
1638	0	264600
1638	132300	396900
1639	0	264600
1639	132300	396900
164	0	264600
164	132300	396900
1640	0	264600
1640	132300	396900
1641	0	264600
1641	132300	396900
1642	0	264600
1642	132300	396900
1643	0	264600
1643	132300	396900
1644	0	264600
1644	132300	396900
1645	0	264600
1645	132300	396900
1646	0	264600
1646	132300	396900
1647	0	264600
1647	132300	396900
1648	0	264600
1649	0	264600
1649	132300	396900
165	0	264600
165	132300	396900
1650	0	264600
1650	132300	396900
1651	0	264600
1651	132300	396900
1652	0	264600
1652	132300	396900
1653	0	264600
1653	132300	396900
1654	0	264600
1654	132300	396900
1655	0	264600
1655	132300	396900
1656	0	264600
1656	132300	396900
1657	0	264600
1657	132300	396900
1658	0	264600
1658	132300	396900
1659	0	264600
1659	132300	396900
166	0	264600
166	132300	396900
1660	0	264600
1660	132300	396900
1661	0	264600
1661	132300	396900
1662	0	264600
1662	132300	396900
1663	0	264600
1663	132300	396900
1664	0	264600
1664	132300	396900
1665	0	264600
1665	132300	396900
1666	0	264600
1666	132300	396900
1667	0	264600
1667	132300	396900
1668	0	264600
1668	132300	396900
1669	0	264600
1669	132300	396900
167	0	264600
167	132300	396900
1670	0	264600
1670	132300	396900
1671	0	264600
1671	132300	396900
1672	0	264600
1672	132300	396900
1673	0	264600
1673	132300	396900
1674	0	264600
1674	132300	396900
1675	0	264600
1675	132300	396900
1676	0	264600
1676	132300	396900
1677	0	264600
1677	132300	396900
1678	0	264600
1678	132300	396900
1679	0	264600
1679	132300	396900
168	0	264600
168	132300	396900
1680	0	264600
1680	132300	396900
1681	0	264600
1681	132300	396900
1682	0	264600
1682	132300	396900
1683	0	264600
1683	132300	396900
1684	0	264600
1684	132300	396900
1685	0	264600
1685	132300	396900
1686	0	264600
1686	132300	396900
1687	0	264600
1687	132300	396900
1688	0	264600
1688	132300	396900
1689	0	264600
1689	132300	396900
169	0	264600
169	132300	396900
1690	0	264600
1690	132300	396900
1691	0	264600
1691	132300	396900
1692	0	264600
1692	132300	396900
1693	0	264600
1693	132300	396900
1694	0	264600
1694	132300	396900
1695	0	264600
1695	132300	396900
1696	0	264600
1696	132300	396900
1697	0	264600
1697	132300	396900
1698	0	264600
1698	132300	396900
1699	0	264600
1699	132300	396900
170	0	264600
170	132300	396900
1700	0	264600
1700	132300	396900
1701	0	264600
1701	132300	396900
1702	0	264600
1702	132300	396900
1703	0	264600
1703	132300	396900
1704	0	264600
1704	132300	396900
1705	0	264600
1705	132300	396900
1706	0	264600
1706	132300	396900
1707	0	264600
1707	132300	396900
1708	0	264600
1708	132300	396900
1709	0	264600
1709	132300	396900
171	0	264600
171	132300	396900
1710	0	264600
1710	132300	396900
1711	0	264600
1711	132300	396900
1712	0	264600
1712	132300	396900
1713	0	264600
1713	132300	396900
1714	0	264600
1714	132300	396900
1715	0	264600
1715	132300	396900
1716	0	264600
1716	132300	396900
1717	0	264600
1717	132300	396900
1718	0	264600
1718	132300	396900
1719	0	264600
1719	132300	396900
172	0	264600
172	132300	396900
1720	0	264600
1720	132300	396900
1721	0	264600
1721	132300	396900
1722	0	264600
1722	132300	396900
1723	0	264600
1723	132300	396900
1724	0	264600
1724	132300	396900
1725	0	264600
1725	132300	396900
1726	0	264600
1726	132300	396900
1727	0	264600
1727	132300	396900
1728	0	264600
1728	132300	396900
1729	0	264600
1729	132300	396900
173	0	264600
173	132300	396900
1730	0	264600
1730	132300	396900
1731	0	264600
1731	132300	396900
1732	0	264600
1732	132300	396900
1733	0	264600
1733	132300	396900
1734	0	264600
1734	132300	396900
1735	0	264600
1735	132300	396900
1736	0	264600
1736	132300	396900
1737	0	264600
1737	132300	396900
1738	0	264600
1738	132300	396900
1739	0	264600
1739	132300	396900
174	0	264600
174	132300	396900
1740	0	264600
1740	132300	396900
1741	0	264600
1741	132300	396900
1742	0	264600
1742	132300	396900
1743	0	264600
1743	132300	396900
1744	0	264600
1744	132300	396900
1745	0	264600
1745	132300	396900
1746	0	264600
1746	132300	396900
1747	0	264600
1747	132300	396900
1748	0	264600
1748	132300	396900
1749	0	264600
1749	132300	396900
175	0	264600
175	132300	396900
1750	0	264600
1750	132300	396900
1751	0	264600
1751	132300	396900
1752	0	264600
1752	132300	396900
1753	0	264600
1753	132300	396900
1754	0	264600
1754	132300	396900
1755	0	264600
1755	132300	396900
1756	0	264600
1756	132300	396900
1757	0	264600
1757	132300	396900
1758	0	264600
1758	132300	396900
1759	0	264600
1759	132300	396900
176	0	264600
176	132300	396900
1760	0	264600
1760	132300	396900
1761	0	264600
1761	132300	396900
1762	0	264600
1762	132300	396900
1763	0	264600
1763	132300	396900
1764	0	264600
1764	132300	396900
1765	0	264600
1765	132300	396900
1766	0	264600
1766	132300	396900
1767	0	264600
1767	132300	396900
1768	0	264600
1768	132300	396900
1769	0	264600
1769	132300	396900
177	0	264600
177	132300	396900
1770	0	264600
1770	132300	396900
1771	0	264600
1771	132300	396900
1772	0	264600
1772	132300	396900
1773	0	264600
1773	132300	396900
1774	0	264600
1774	132300	396900
1775	0	264600
1775	132300	396900
1776	0	264600
1776	132300	396900
1777	0	264600
1777	132300	396900
1778	0	264600
1778	132300	396900
1779	0	264600
1779	132300	396900
178	0	264600
178	132300	396900
1780	0	264600
1780	132300	396900
1781	0	264600
1781	132300	396900
1782	0	264600
1782	132300	396900
1783	0	264600
1783	132300	396900
1784	0	264600
1784	132300	396900
1785	0	264600
1785	132300	396900
1786	0	264600
1786	132300	396900
1787	0	264600
1787	132300	396900
1788	0	264600
1788	132300	396900
1789	0	264600
1789	132300	396900
179	0	264600
179	132300	396900
1790	0	264600
1790	132300	396900
1791	0	264600
1791	132300	396900
1792	0	264600
1792	132300	396900
1793	0	264600
1793	132300	396900
1794	0	264600
1794	132300	396900
1795	0	264600
1795	132300	396900
1796	0	264600
1796	132300	396900
1797	0	264600
1797	132300	396900
1798	0	264600
1798	132300	396900
1799	0	264600
1799	132300	396900
180	0	264600
180	132300	396900
1800	0	264600
1800	132300	396900
1801	0	264600
1801	132300	396900
1802	0	264600
1802	132300	396900
1803	0	264600
1803	132300	396900
1804	0	264600
1804	132300	396900
1805	0	264600
1805	132300	396900
1806	0	264600
1806	132300	396900
1807	0	264600
1807	132300	396900
1808	0	264600
1808	132300	396900
1809	0	264600
1809	132300	396900
181	0	264600
181	132300	396900
1810	0	264600
1810	132300	396900
1811	0	264600
1811	132300	396900
1812	0	264600
1812	132300	396900
1813	0	264600
1813	132300	396900
1814	0	264600
1814	132300	396900
1815	0	264600
1815	132300	396900
1816	0	264600
1816	132300	396900
1817	0	264600
1817	132300	396900
1818	0	264600
1818	132300	396900
1819	0	264600
1819	132300	396900
182	0	264600
182	132300	396900
1820	0	264600
1820	132300	396900
1821	0	264600
1821	132300	396900
1822	0	264600
1822	132300	396900
1823	0	264600
1823	132300	396900
1824	0	264600
1824	132300	396900
1825	0	264600
1825	132300	396900
1826	0	264600
1826	132300	396900
1827	0	264600
1827	132300	396900
1828	0	264600
1828	132300	396900
1829	0	264600
1829	132300	396900
183	0	264600
183	132300	396900
1830	0	264600
1830	132300	396900
1831	0	264600
1831	132300	396900
1832	0	264600
1832	132300	396900
1833	0	264600
1833	132300	396900
1834	0	264600
1834	132300	396900
1835	0	264600
1835	132300	396900
1836	0	264600
1836	132300	396900
1837	0	264600
1837	132300	396900
1838	0	264600
1838	132300	396900
1839	0	264600
1839	132300	396900
184	0	264600
184	132300	396900
1840	0	264600
1840	132300	396900
1841	0	264600
1841	132300	396900
1842	0	264600
1842	132300	396900
1843	0	264600
1843	132300	396900
1844	0	264600
1844	132300	396900
1845	0	264600
1845	132300	396900
1846	0	264600
1846	132300	396900
1847	0	264600
1847	132300	396900
1848	0	264600
1848	132300	396900
1849	0	264600
1849	132300	396900
185	0	264600
185	132300	396900
1850	0	264600
1850	132300	396900
1851	0	264600
1851	132300	396900
1852	0	264600
1852	132300	396900
1853	0	264600
1853	132300	396900
1854	0	264600
1854	132300	396900
1855	0	264600
1855	132300	396900
1856	0	264600
1856	132300	396900
1857	0	264600
1857	132300	396900
1858	0	264600
1858	132300	396900
1859	0	264600
1859	132300	396900
186	0	264600
186	132300	396900
1860	0	264600
1860	132300	396900
1861	0	264600
1861	132300	396900
1862	0	264600
1862	132300	396900
1863	0	264600
1863	132300	396900
1864	0	264600
1864	132300	396900
1865	0	264600
1865	132300	396900
1866	0	264600
1866	132300	396900
1867	0	264600
1867	132300	396900
1868	0	264600
1868	132300	396900
1869	0	264600
1869	132300	396900
187	0	264600
187	132300	396900
1870	0	264600
1870	132300	396900
1871	0	264600
1871	132300	396900
1872	0	264600
1872	132300	396900
1873	0	264600
1873	132300	396900
1874	0	264600
1874	132300	396900
1875	0	264600
1875	132300	396900
1876	0	264600
1876	132300	396900
1877	0	264600
1877	132300	396900
1878	0	264600
1878	132300	396900
1879	0	264600
1879	132300	396900
188	0	264600
188	132300	396900
1880	0	264600
1880	132300	396900
1881	0	264600
1881	132300	396900
1882	0	264600
1882	132300	396900
1883	0	264600
1883	132300	396900
1884	0	264600
1884	132300	396900
1885	0	264600
1885	132300	396900
1886	0	264600
1886	132300	396900
1887	0	264600
1887	132300	396900
1888	0	264600
1888	132300	396900
1889	0	264600
1889	132300	396900
189	0	264600
189	132300	396900
1890	0	264600
1890	132300	396900
1891	0	264600
1891	132300	396900
1892	0	264600
1892	132300	396900
1893	0	264600
1893	132300	396900
1894	0	264600
1894	132300	396900
1895	0	264600
1895	132300	396900
1896	0	264600
1896	132300	396900
1897	0	264600
1897	132300	396900
1898	0	264600
1898	132300	396900
1899	0	264600
1899	132300	396900
190	0	264600
190	132300	396900
1900	0	264600
1900	132300	396900
1901	0	264600
1901	132300	396900
1902	0	264600
1902	132300	396900
1903	0	264600
1903	132300	396900
1904	0	264600
1904	132300	396900
1905	0	264600
1905	132300	396900
1906	0	264600
1906	132300	396900
1907	0	264600
1907	132300	396900
1908	0	264600
1908	132300	396900
1909	0	264600
1909	132300	396900
191	0	264600
191	132300	396900
1910	0	264600
1910	132300	396900
1911	0	264600
1911	132300	396900
1912	0	264600
1912	132300	396900
1913	0	264600
1913	132300	396900
1914	0	264600
1914	132300	396900
1915	0	264600
1915	132300	396900
1916	0	264600
1916	132300	396900
1917	0	264600
1917	132300	396900
1918	0	264600
1918	132300	396900
1919	0	264600
1919	132300	396900
192	0	264600
192	132300	396900
1920	0	264600
1920	132300	396900
1921	0	264600
1921	132300	396900
1922	0	264600
1922	132300	396900
1923	0	264600
1923	132300	396900
1924	0	264600
1924	132300	396900
1925	0	264600
1925	132300	396900
1926	0	264600
1926	132300	396900
1927	0	264600
1927	132300	396900
1928	0	264600
1928	132300	396900
1929	0	264600
1929	132300	396900
193	0	264600
193	132300	396900
1930	0	264600
1930	132300	396900
1931	0	264600
1931	132300	396900
1932	0	264600
1932	132300	396900
1933	0	264600
1933	132300	396900
1934	0	264600
1934	132300	396900
1935	0	264600
1935	132300	396900
1936	0	264600
1936	132300	396900
1937	0	264600
1937	132300	396900
1938	0	264600
1938	132300	396900
1939	0	264600
1939	132300	396900
194	0	264600
194	132300	396900
1940	0	264600
1940	132300	396900
1941	0	264600
1941	132300	396900
1942	0	264600
1942	132300	396900
1943	0	264600
1943	132300	396900
1944	0	264600
1944	132300	396900
1945	0	264600
1945	132300	396900
1946	0	264600
1946	132300	396900
1947	0	264600
1947	132300	396900
1948	0	264600
1948	132300	396900
1949	0	264600
1949	132300	396900
195	0	264600
195	132300	396900
1950	0	264600
1950	132300	396900
1951	0	264600
1951	132300	396900
1952	0	264600
1952	132300	396900
1953	0	264600
1953	132300	396900
1954	0	264600
1954	132300	396900
1955	0	264600
1955	132300	396900
1956	0	264600
1956	132300	396900
1957	0	264600
1957	132300	396900
1958	0	264600
1958	132300	396900
1959	0	264600
1959	132300	396900
196	0	264600
196	132300	396900
1960	0	264600
1960	132300	396900
1961	0	264600
1961	132300	396900
1962	0	264600
1962	132300	396900
1963	0	264600
1963	132300	396900
1964	0	264600
1964	132300	396900
1965	0	264600
1965	132300	396900
1966	0	264600
1966	132300	396900
1967	0	264600
1967	132300	396900
1968	0	264600
1968	132300	396900
1969	0	264600
1969	132300	396900
197	0	264600
197	132300	396900
1970	0	264600
1970	132300	396900
1971	0	264600
1971	132300	396900
1972	0	264600
1972	132300	396900
1973	0	264600
1973	132300	396900
1974	0	264600
1974	132300	396900
1975	0	264600
1975	132300	396900
1976	0	264600
1976	132300	396900
1977	0	264600
1977	132300	396900
1978	0	264600
1978	132300	396900
1979	0	264600
1979	132300	396900
198	0	264600
198	132300	396900
1980	0	264600
1980	132300	396900
1981	0	264600
1981	132300	396900
1982	0	264600
1982	132300	396900
1983	0	264600
1983	132300	396900
1984	0	264600
1984	132300	396900
1985	0	264600
1985	132300	396900
1986	0	264600
1986	132300	396900
1987	0	264600
1987	132300	396900
1988	0	264600
1988	132300	396900
1989	0	264600
1989	132300	396900
199	0	264600
199	132300	396900
1990	0	264600
1990	132300	396900
1991	0	264600
1991	132300	396900
1992	0	264600
1992	132300	396900
1993	0	264600
1993	132300	396900
1994	0	264600
1994	132300	396900
1995	0	264600
1995	132300	396900
1996	0	264600
1996	132300	396900
1997	0	264600
1997	132300	396900
1998	0	264600
1998	132300	396900
1999	0	264600
1999	132300	396900
200	0	264600
200	132300	396900
2000	0	264600
2000	132300	396900
2001	0	264600
2001	132300	396900
2002	0	264600
2002	132300	396900
2003	0	264600
2003	132300	396900
2004	0	264600
2004	132300	396900
2005	0	264600
2005	132300	396900
2006	0	264600
2006	132300	396900
2007	0	264600
2007	132300	396900
2008	0	264600
2008	132300	396900
2009	0	264600
2009	132300	396900
201	0	264600
201	132300	396900
2010	0	264600
2010	132300	396900
2011	0	264600
2011	132300	396900
2012	0	264600
2012	132300	396900
2013	0	264600
2013	132300	396900
2014	0	264600
2014	132300	396900
2015	0	264600
2015	132300	396900
2016	0	264600
2016	132300	396900
2017	0	264600
2017	132300	396900
2018	0	264600
2018	132300	396900
2019	0	264600
2019	132300	396900
202	0	264600
202	132300	396900
2020	0	264600
2020	132300	396900
2021	0	264600
2021	132300	396900
2022	0	264600
2022	132300	396900
2023	0	264600
2023	132300	396900
2024	0	264600
2024	132300	396900
2025	0	264600
2025	132300	396900
2026	0	264600
2026	132300	396900
2027	0	264600
2027	132300	396900
2028	0	264600
2028	132300	396900
2029	0	264600
2029	132300	396900
203	0	264600
203	132300	396900
2030	0	264600
2030	132300	396900
2031	0	264600
2031	132300	396900
2032	0	264600
2032	132300	396900
2033	0	264600
2033	132300	396900
2034	0	264600
2034	132300	396900
2035	0	264600
2035	132300	396900
2036	0	264600
2036	132300	396900
2037	0	264600
2037	132300	396900
2038	0	264600
2038	132300	396900
2039	0	264600
2039	132300	396900
204	0	264600
204	132300	396900
2040	0	264600
2040	132300	396900
2041	0	264600
2041	132300	396900
2042	0	264600
2042	132300	396900
2043	0	264600
2043	132300	396900
2044	0	264600
2044	132300	396900
2045	0	264600
2045	132300	396900
2046	0	264600
2046	132300	396900
2047	0	264600
2047	132300	396900
2048	0	264600
2048	132300	396900
2049	0	264600
2049	132300	396900
205	0	264600
205	132300	396900
2050	0	264600
2050	132300	396900
2051	0	264600
2051	132300	396900
2052	0	264600
2052	132300	396900
2053	0	264600
2053	132300	396900
2054	0	264600
2054	132300	396900
2055	0	264600
2055	132300	396900
2056	0	264600
2056	132300	396900
2057	0	264600
2057	132300	396900
2058	0	264600
2058	132300	396900
2059	0	264600
2059	132300	396900
206	0	264600
206	132300	396900
2060	0	264600
2060	132300	396900
2061	0	264600
2061	132300	396900
2062	0	264600
2062	132300	396900
2063	0	264600
2063	132300	396900
2064	0	264600
2064	132300	396900
2065	0	264600
2065	132300	396900
2066	0	264600
2066	132300	396900
2067	0	264600
2067	132300	396900
2068	0	264600
2068	132300	396900
2069	0	264600
2069	132300	396900
207	0	264600
207	132300	396900
2070	0	264600
2070	132300	396900
2071	0	264600
2071	132300	396900
2072	0	264600
2072	132300	396900
2073	0	264600
2073	132300	396900
2074	0	264600
2074	132300	396900
2075	0	264600
2075	132300	396900
2076	0	264600
2076	132300	396900
2077	0	264600
2077	132300	396900
2078	0	264600
2078	132300	396900
2079	0	264600
2079	132300	396900
208	0	264600
208	132300	396900
2080	0	264600
2080	132300	396900
2081	0	264600
2081	132300	396900
2082	0	264600
2082	132300	396900
2083	0	264600
2083	132300	396900
2084	0	264600
2084	132300	396900
2085	0	264600
2085	132300	396900
2086	0	264600
2086	132300	396900
2087	0	264600
2087	132300	396900
2088	0	264600
2088	132300	396900
2089	0	264600
2089	132300	396900
209	0	264600
209	132300	396900
2090	0	264600
2090	132300	396900
2091	0	264600
2091	132300	396900
2092	0	264600
2092	132300	396900
2093	0	264600
2093	132300	396900
2094	0	264600
2094	132300	396900
2095	0	264600
2095	132300	396900
2096	0	264600
2096	132300	396900
2097	0	264600
2097	132300	396900
2098	0	264600
2098	132300	396900
2099	0	264600
2099	132300	396900
210	0	264600
210	132300	396900
211	0	264600
211	132300	396900
212	0	264600
212	132300	396900
213	0	264600
213	132300	396900
214	0	264600
214	132300	396900
215	0	264600
215	132300	396900
216	0	264600
216	132300	396900
217	0	264600
217	132300	396900
218	0	264600
218	132300	396900
219	0	264600
219	132300	396900
220	0	264600
220	132300	396900
221	0	264600
221	132300	396900
222	0	264600
222	132300	396900
223	0	264600
223	132300	396900
224	0	264600
224	132300	396900
225	0	264600
225	132300	396900
226	0	264600
226	132300	396900
227	0	264600
227	132300	396900
228	0	264600
228	132300	396900
229	0	264600
229	132300	396900
230	0	264600
230	132300	396900
231	0	264600
231	132300	396900
232	0	264600
232	132300	396900
233	0	264600
233	132300	396900
234	0	264600
234	132300	396900
235	0	264600
235	132300	396900
236	0	264600
236	132300	396900
237	0	264600
237	132300	396900
238	0	264600
238	132300	396900
239	0	264600
239	132300	396900
240	0	264600
240	132300	396900
241	0	264600
241	132300	396900
242	0	264600
242	132300	396900
243	0	264600
243	132300	396900
244	0	264600
244	132300	396900
245	0	264600
245	132300	396900
246	0	264600
246	132300	396900
247	0	264600
247	132300	396900
248	0	264600
248	132300	396900
249	0	264600
249	132300	396900
250	0	264600
250	132300	396900
251	0	264600
251	132300	396900
252	0	264600
252	132300	396900
253	0	264600
253	132300	396900
254	0	264600
254	132300	396900
255	0	264600
255	132300	396900
256	0	264600
256	132300	396900
257	0	264600
257	132300	396900
258	0	264600
258	132300	396900
259	0	264600
259	132300	396900
260	0	264600
260	132300	396900
261	0	264600
261	132300	396900
262	0	264600
262	132300	396900
263	0	264600
263	132300	396900
264	0	264600
264	132300	396900
265	0	264600
265	132300	396900
266	0	264600
266	132300	396900
267	0	264600
267	132300	396900
268	0	264600
268	132300	396900
269	0	264600
269	132300	396900
270	0	264600
270	132300	396900
271	0	264600
271	132300	396900
272	0	264600
272	132300	396900
273	0	264600
273	132300	396900
274	0	264600
274	132300	396900
275	0	264600
275	132300	396900
276	0	264600
276	132300	396900
277	0	264600
277	132300	396900
278	0	264600
278	132300	396900
279	0	264600
279	132300	396900
280	0	264600
280	132300	396900
281	0	264600
281	132300	396900
282	0	264600
282	132300	396900
283	0	264600
283	132300	396900
284	0	264600
284	132300	396900
285	0	264600
285	132300	396900
286	0	264600
286	132300	396900
287	0	264600
287	132300	396900
288	0	264600
288	132300	396900
289	0	264600
289	132300	396900
290	0	264600
290	132300	396900
291	0	264600
291	132300	396900
292	0	264600
292	132300	396900
293	0	264600
293	132300	396900
294	0	264600
294	132300	396900
295	0	264600
295	132300	396900
296	0	264600
296	132300	396900
297	0	264600
297	132300	396900
298	0	264600
298	132300	396900
299	0	264600
299	132300	396900
300	0	264600
300	132300	396900
301	0	264600
301	132300	396900
302	0	264600
302	132300	396900
303	0	264600
303	132300	396900
304	0	264600
304	132300	396900
305	0	264600
305	132300	396900
306	0	264600
306	132300	396900
307	0	264600
307	132300	396900
308	0	264600
308	132300	396900
309	0	264600
309	132300	396900
310	0	264600
310	132300	396900
311	0	264600
311	132300	396900
312	0	264600
312	132300	396900
313	0	264600
313	132300	396900
314	0	264600
314	132300	396900
315	0	264600
315	132300	396900
316	0	264600
316	132300	396900
317	0	264600
317	132300	396900
318	0	264600
318	132300	396900
319	0	264600
319	132300	396900
320	0	264600
320	132300	396900
321	0	264600
321	132300	396900
322	0	264600
322	132300	396900
323	0	264600
323	132300	396900
324	0	264600
324	132300	396900
325	0	264600
325	132300	396900
326	0	264600
326	132300	396900
327	0	264600
327	132300	396900
328	0	264600
328	132300	396900
329	0	264600
329	132300	396900
330	0	264600
330	132300	396900
331	0	264600
331	132300	396900
332	0	264600
332	132300	396900
333	0	264600
333	132300	396900
334	0	264600
334	132300	396900
335	0	264600
335	132300	396900
336	0	264600
336	132300	396900
337	0	264600
337	132300	396900
338	0	264600
338	132300	396900
339	0	264600
339	132300	396900
340	0	264600
340	132300	396900
341	0	264600
341	132300	396900
342	0	264600
342	132300	396900
343	0	264600
343	132300	396900
344	0	264600
344	132300	396900
345	0	264600
345	132300	396900
346	0	264600
346	132300	396900
347	0	264600
347	132300	396900
348	132300	396900
349	0	264600
349	132300	396900
350	0	264600
350	132300	396900
351	0	264600
351	132300	396900
352	0	264600
352	132300	396900
353	0	264600
353	132300	396900
354	0	264600
354	132300	396900
355	0	264600
355	132300	396900
356	0	264600
356	132300	396900
357	0	264600
357	132300	396900
358	0	264600
358	132300	396900
359	0	264600
359	132300	396900
360	0	264600
360	132300	396900
361	0	264600
361	132300	396900
362	0	264600
362	132300	396900
363	0	264600
363	132300	396900
364	0	264600
364	132300	396900
365	0	264600
365	132300	396900
366	0	264600
366	132300	396900
367	0	264600
367	132300	396900
368	0	264600
368	132300	396900
369	0	264600
369	132300	396900
370	0	264600
370	132300	396900
371	0	264600
371	132300	396900
372	0	264600
372	132300	396900
373	0	264600
373	132300	396900
374	0	264600
374	132300	396900
375	0	264600
375	132300	396900
376	0	264600
376	132300	396900
377	0	264600
377	132300	396900
378	0	264600
378	132300	396900
379	0	264600
379	132300	396900
380	0	264600
380	132300	396900
381	0	264600
381	132300	396900
382	0	264600
382	132300	396900
383	0	264600
383	132300	396900
384	0	264600
384	132300	396900
385	0	264600
385	132300	396900
386	0	264600
386	132300	396900
387	0	264600
387	132300	396900
388	0	264600
388	132300	396900
389	0	264600
389	132300	396900
390	0	264600
390	132300	396900
391	0	264600
391	132300	396900
392	0	264600
392	132300	396900
393	0	264600
393	132300	396900
394	0	264600
394	132300	396900
395	0	264600
395	132300	396900
396	0	264600
396	132300	396900
397	0	264600
397	132300	396900
398	0	264600
398	132300	396900
399	0	264600
399	132300	396900
400	0	264600
400	132300	396900
401	0	264600
401	132300	396900
402	0	264600
402	132300	396900
403	0	264600
403	132300	396900
404	0	264600
404	132300	396900
405	0	264600
405	132300	396900
406	0	264600
406	132300	396900
407	0	264600
407	132300	396900
408	0	264600
408	132300	396900
409	0	264600
409	132300	396900
410	0	264600
410	132300	396900
411	0	264600
411	132300	396900
412	0	264600
412	132300	396900
413	0	264600
413	132300	396900
414	0	264600
414	132300	396900
415	0	264600
415	132300	396900
416	0	264600
416	132300	396900
417	0	264600
417	132300	396900
418	0	264600
418	132300	396900
419	0	264600
419	132300	396900
420	0	264600
420	132300	396900
421	0	264600
421	132300	396900
422	0	264600
422	132300	396900
423	0	264600
423	132300	396900
424	0	264600
424	132300	396900
425	0	264600
425	132300	396900
426	0	264600
426	132300	396900
427	0	264600
427	132300	396900
428	0	264600
428	132300	396900
429	0	264600
429	132300	396900
430	0	264600
430	132300	396900
431	0	264600
431	132300	396900
432	0	264600
432	132300	396900
433	0	264600
433	132300	396900
434	0	264600
434	132300	396900
435	0	264600
435	132300	396900
436	0	264600
436	132300	396900
437	0	264600
437	132300	396900
438	0	264600
438	132300	396900
439	0	264600
439	132300	396900
440	0	264600
440	132300	396900
441	0	264600
441	132300	396900
442	0	264600
442	132300	396900
443	0	264600
443	132300	396900
444	0	264600
444	132300	396900
445	0	264600
445	132300	396900
446	0	264600
446	132300	396900
447	0	264600
447	132300	396900
448	0	264600
448	132300	396900
449	0	264600
449	132300	396900
450	0	264600
450	132300	396900
451	0	264600
451	132300	396900
452	0	264600
452	132300	396900
453	0	264600
453	132300	396900
454	0	264600
454	132300	396900
455	0	264600
455	132300	396900
456	0	264600
456	132300	396900
457	0	264600
457	132300	396900
458	0	264600
458	132300	396900
459	0	264600
459	132300	396900
460	0	264600
460	132300	396900
461	0	264600
461	132300	396900
462	0	264600
462	132300	396900
463	0	264600
463	132300	396900
464	0	264600
464	132300	396900
465	0	264600
465	132300	396900
466	0	264600
466	132300	396900
467	0	264600
467	132300	396900
468	0	264600
468	132300	396900
469	0	264600
469	132300	396900
470	0	264600
470	132300	396900
471	0	264600
471	132300	396900
472	0	264600
472	132300	396900
473	0	264600
473	132300	396900
474	0	264600
474	132300	396900
475	0	264600
475	132300	396900
476	0	264600
476	132300	396900
477	0	264600
477	132300	396900
478	0	264600
478	132300	396900
479	0	264600
479	132300	396900
480	0	264600
480	132300	396900
481	0	264600
481	132300	396900
482	0	264600
482	132300	396900
483	0	264600
483	132300	396900
484	0	264600
484	132300	396900
485	0	264600
485	132300	396900
486	0	264600
486	132300	396900
487	0	264600
487	132300	396900
488	0	264600
488	132300	396900
489	0	264600
489	132300	396900
490	0	264600
490	132300	396900
491	0	264600
491	132300	396900
492	0	264600
492	132300	396900
493	0	264600
493	132300	396900
495	0	264600
495	132300	396900
496	0	264600
496	132300	396900
497	0	264600
497	132300	396900
498	0	264600
498	132300	396900
499	0	264600
499	132300	396900
500	0	264600
500	132300	396900
501	0	264600
501	132300	396900
502	0	264600
502	132300	396900
503	0	264600
503	132300	396900
504	0	264600
504	132300	396900
505	0	264600
505	132300	396900
506	0	264600
506	132300	396900
507	0	264600
507	132300	396900
508	0	264600
508	132300	396900
509	0	264600
509	132300	396900
510	0	264600
510	132300	396900
511	0	264600
511	132300	396900
512	0	264600
512	132300	396900
513	0	264600
513	132300	396900
514	0	264600
514	132300	396900
515	0	264600
515	132300	396900
516	0	264600
516	132300	396900
517	0	264600
517	132300	396900
518	0	264600
518	132300	396900
519	0	264600
519	132300	396900
520	0	264600
520	132300	396900
521	0	264600
521	132300	396900
522	0	264600
522	132300	396900
523	0	264600
523	132300	396900
524	0	264600
524	132300	396900
525	0	264600
525	132300	396900
526	0	264600
526	132300	396900
527	0	264600
527	132300	396900
528	0	264600
528	132300	396900
529	0	264600
529	132300	396900
530	0	264600
530	132300	396900
531	0	264600
531	132300	396900
532	0	264600
532	132300	396900
533	0	264600
533	132300	396900
534	0	264600
534	132300	396900
535	0	264600
535	132300	396900
536	0	264600
536	132300	396900
537	0	264600
537	132300	396900
538	0	264600
538	132300	396900
539	0	264600
539	132300	396900
540	0	264600
540	132300	396900
541	0	264600
541	132300	396900
542	0	264600
542	132300	396900
543	0	264600
543	132300	396900
544	0	264600
544	132300	396900
545	0	264600
545	132300	396900
546	0	264600
546	132300	396900
547	0	264600
547	132300	396900
548	0	264600
548	132300	396900
549	0	264600
549	132300	396900
550	0	264600
550	132300	396900
551	0	264600
551	132300	396900
552	0	264600
552	132300	396900
553	0	264600
553	132300	396900
554	0	264600
554	132300	396900
555	0	264600
555	132300	396900
556	0	264600
556	132300	396900
557	0	264600
557	132300	396900
558	0	264600
558	132300	396900
559	0	264600
559	132300	396900
560	0	264600
560	132300	396900
561	0	264600
561	132300	396900
562	0	264600
562	132300	396900
563	0	264600
563	132300	396900
564	0	264600
564	132300	396900
565	0	264600
565	132300	396900
566	0	264600
566	132300	396900
567	0	264600
567	132300	396900
568	0	264600
568	132300	396900
569	0	264600
569	132300	396900
570	0	264600
570	132300	396900
571	0	264600
571	132300	396900
572	0	264600
572	132300	396900
573	0	264600
573	132300	396900
574	0	264600
574	132300	396900
575	0	264600
575	132300	396900
576	0	264600
576	132300	396900
577	0	264600
577	132300	396900
578	0	264600
578	132300	396900
579	0	264600
579	132300	396900
580	0	264600
580	132300	396900
581	0	264600
581	132300	396900
582	0	264600
582	132300	396900
583	0	264600
583	132300	396900
584	0	264600
584	132300	396900
585	0	264600
585	132300	396900
586	0	264600
586	132300	396900
587	0	264600
587	132300	396900
588	0	264600
588	132300	396900
589	0	264600
589	132300	396900
590	0	264600
590	132300	396900
591	0	264600
591	132300	396900
592	0	264600
592	132300	396900
593	0	264600
593	132300	396900
594	0	264600
594	132300	396900
595	0	264600
595	132300	396900
596	0	264600
596	132300	396900
597	0	264600
597	132300	396900
598	0	264600
598	132300	396900
599	0	264600
599	132300	396900
600	0	264600
600	132300	396900
601	0	264600
601	132300	396900
602	0	264600
602	132300	396900
603	0	264600
603	132300	396900
604	0	264600
604	132300	396900
605	0	264600
605	132300	396900
606	0	264600
606	132300	396900
607	0	264600
607	132300	396900
608	0	264600
608	132300	396900
609	0	264600
609	132300	396900
610	0	264600
610	132300	396900
611	0	264600
611	132300	396900
612	0	264600
612	132300	396900
613	0	264600
613	132300	396900
614	0	264600
614	132300	396900
615	0	264600
615	132300	396900
616	0	264600
616	132300	396900
617	0	264600
617	132300	396900
618	0	264600
618	132300	396900
619	0	264600
619	132300	396900
620	0	264600
620	132300	396900
621	0	264600
621	132300	396900
622	0	264600
622	132300	396900
623	0	264600
623	132300	396900
624	0	264600
624	132300	396900
625	0	264600
625	132300	396900
626	0	264600
626	132300	396900
627	0	264600
627	132300	396900
628	0	264600
628	132300	396900
629	0	264600
629	132300	396900
630	0	264600
630	132300	396900
631	0	264600
631	132300	396900
632	0	264600
632	132300	396900
633	0	264600
633	132300	396900
634	0	264600
634	132300	396900
635	0	264600
635	132300	396900
636	0	264600
636	132300	396900
637	0	264600
637	132300	396900
638	0	264600
638	132300	396900
639	0	264600
639	132300	396900
640	0	264600
640	132300	396900
641	0	264600
641	132300	396900
642	0	264600
642	132300	396900
643	0	264600
643	132300	396900
644	0	264600
644	132300	396900
645	0	264600
645	132300	396900
646	0	264600
646	132300	396900
647	0	264600
647	132300	396900
648	0	264600
648	132300	396900
649	0	264600
649	132300	396900
650	0	264600
650	132300	396900
651	0	264600
651	132300	396900
652	0	264600
652	132300	396900
653	0	264600
653	132300	396900
654	0	264600
654	132300	396900
655	0	264600
655	132300	396900
656	0	264600
656	132300	396900
657	0	264600
657	132300	396900
658	0	264600
658	132300	396900
659	0	264600
659	132300	396900
660	0	264600
660	132300	396900
661	0	264600
661	132300	396900
662	0	264600
662	132300	396900
663	0	264600
663	132300	396900
664	0	264600
664	132300	396900
665	0	264600
665	132300	396900
666	0	264600
666	132300	396900
667	0	264600
667	132300	396900
668	0	264600
668	132300	396900
669	0	264600
669	132300	396900
670	0	264600
670	132300	396900
671	0	264600
671	132300	396900
672	0	264600
672	132300	396900
673	0	264600
673	132300	396900
674	0	264600
674	132300	396900
675	0	264600
675	132300	396900
676	0	264600
676	132300	396900
677	0	264600
677	132300	396900
678	0	264600
678	132300	396900
679	0	264600
679	132300	396900
680	0	264600
680	132300	396900
681	0	264600
681	132300	396900
682	0	264600
682	132300	396900
683	0	264600
683	132300	396900
684	0	264600
684	132300	396900
685	0	264600
685	132300	396900
686	0	264600
686	132300	396900
687	0	264600
687	132300	396900
688	0	264600
688	132300	396900
689	0	264600
689	132300	396900
690	0	264600
690	132300	396900
691	0	264600
691	132300	396900
692	0	264600
692	132300	396900
693	0	264600
693	132300	396900
694	0	264600
694	132300	396900
695	0	264600
695	132300	396900
696	0	264600
696	132300	396900
697	0	264600
697	132300	396900
698	0	264600
698	132300	396900
699	0	264600
699	132300	396900
700	0	264600
700	132300	396900
701	0	264600
701	132300	396900
702	0	264600
702	132300	396900
703	0	264600
703	132300	396900
704	0	264600
704	132300	396900
705	0	264600
705	132300	396900
706	0	264600
706	132300	396900
707	0	264600
707	132300	396900
708	0	264600
708	132300	396900
709	0	264600
709	132300	396900
710	0	264600
710	132300	396900
711	0	264600
711	132300	396900
712	0	264600
712	132300	396900
713	0	264600
713	132300	396900
714	0	264600
714	132300	396900
715	0	264600
715	132300	396900
716	0	264600
716	132300	396900
717	0	264600
717	132300	396900
718	0	264600
718	132300	396900
719	0	264600
719	132300	396900
720	0	264600
720	132300	396900
721	0	264600
721	132300	396900
722	0	264600
722	132300	396900
723	0	264600
723	132300	396900
724	0	264600
724	132300	396900
725	0	264600
725	132300	396900
726	0	264600
726	132300	396900
727	0	264600
727	132300	396900
728	0	264600
728	132300	396900
729	0	264600
729	132300	396900
730	0	264600
730	132300	396900
731	0	264600
731	132300	396900
732	0	264600
732	132300	396900
733	0	264600
733	132300	396900
734	0	264600
734	132300	396900
735	0	264600
735	132300	396900
736	0	264600
736	132300	396900
737	0	264600
737	132300	396900
738	0	264600
738	132300	396900
739	0	264600
739	132300	396900
740	0	264600
740	132300	396900
741	0	264600
741	132300	396900
742	0	264600
742	132300	396900
743	0	264600
743	132300	396900
744	0	264600
744	132300	396900
745	0	264600
745	132300	396900
746	0	264600
746	132300	396900
747	0	264600
747	132300	396900
748	0	264600
748	132300	396900
749	0	264600
749	132300	396900
750	0	264600
750	132300	396900
751	0	264600
751	132300	396900
752	0	264600
752	132300	396900
753	0	264600
753	132300	396900
754	0	264600
754	132300	396900
755	0	264600
755	132300	396900
756	0	264600
756	132300	396900
757	0	264600
757	132300	396900
758	0	264600
758	132300	396900
759	0	264600
759	132300	396900
760	0	264600
760	132300	396900
761	0	264600
761	132300	396900
762	0	264600
762	132300	396900
763	0	264600
763	132300	396900
764	0	264600
764	132300	396900
765	0	264600
765	132300	396900
766	0	264600
766	132300	396900
767	0	264600
767	132300	396900
768	0	264600
768	132300	396900
769	0	264600
769	132300	396900
770	0	264600
770	132300	396900
771	0	264600
771	132300	396900
772	0	264600
772	132300	396900
773	0	264600
773	132300	396900
774	0	264600
774	132300	396900
775	0	264600
775	132300	396900
776	0	264600
776	132300	396900
777	0	264600
777	132300	396900
778	0	264600
778	132300	396900
779	0	264600
779	132300	396900
780	0	264600
780	132300	396900
781	0	264600
781	132300	396900
782	0	264600
782	132300	396900
783	0	264600
783	132300	396900
784	0	264600
784	132300	396900
785	0	264600
785	132300	396900
786	0	264600
786	132300	396900
787	0	264600
787	132300	396900
788	0	264600
788	132300	396900
789	0	264600
789	132300	396900
790	0	264600
790	132300	396900
791	0	264600
791	132300	396900
792	0	264600
792	132300	396900
793	0	264600
793	132300	396900
794	0	264600
794	132300	396900
795	0	264600
795	132300	396900
796	0	264600
796	132300	396900
797	0	264600
797	132300	396900
798	0	264600
798	132300	396900
799	0	264600
799	132300	396900
800	0	264600
800	132300	396900
801	0	264600
801	132300	396900
802	0	264600
802	132300	396900
803	0	264600
803	132300	396900
804	0	264600
804	132300	396900
805	0	264600
805	132300	396900
806	0	264600
806	132300	396900
807	0	264600
807	132300	396900
808	0	264600
808	132300	396900
809	0	264600
809	132300	396900
810	0	264600
810	132300	396900
811	0	264600
811	132300	396900
812	0	264600
812	132300	396900
813	0	264600
813	132300	396900
814	0	264600
814	132300	396900
815	0	264600
815	132300	396900
816	0	264600
816	132300	396900
817	0	264600
817	132300	396900
818	0	264600
818	132300	396900
819	0	264600
819	132300	396900
820	0	264600
820	132300	396900
821	0	264600
821	132300	396900
822	0	264600
822	132300	396900
823	0	264600
823	132300	396900
824	0	264600
824	132300	396900
825	0	264600
825	132300	396900
826	0	264600
826	132300	396900
827	0	264600
827	132300	396900
828	0	264600
828	132300	396900
829	0	264600
829	132300	396900
830	0	264600
830	132300	396900
831	0	264600
831	132300	396900
832	0	264600
832	132300	396900
833	0	264600
833	132300	396900
834	0	264600
834	132300	396900
835	0	264600
835	132300	396900
836	0	264600
836	132300	396900
837	0	264600
837	132300	396900
838	0	264600
838	132300	396900
839	0	264600
839	132300	396900
840	0	264600
840	132300	396900
841	0	264600
841	132300	396900
842	0	264600
842	132300	396900
843	0	264600
843	132300	396900
844	0	264600
844	132300	396900
845	0	264600
845	132300	396900
846	0	264600
846	132300	396900
847	0	264600
847	132300	396900
848	0	264600
848	132300	396900
849	0	264600
849	132300	396900
850	0	264600
850	132300	396900
851	0	264600
851	132300	396900
852	0	264600
852	132300	396900
853	0	264600
853	132300	396900
854	0	264600
854	132300	396900
855	0	264600
855	132300	396900
856	0	264600
856	132300	396900
857	0	264600
857	132300	396900
858	0	264600
858	132300	396900
859	0	264600
859	132300	396900
860	0	264600
860	132300	396900
861	0	264600
861	132300	396900
862	0	264600
862	132300	396900
863	0	264600
863	132300	396900
864	0	264600
864	132300	396900
865	0	264600
865	132300	396900
866	0	264600
866	132300	396900
867	0	264600
867	132300	396900
868	0	264600
868	132300	396900
869	0	264600
869	132300	396900
870	0	264600
870	132300	396900
871	0	264600
871	132300	396900
872	0	264600
872	132300	396900
873	0	264600
873	132300	396900
874	0	264600
874	132300	396900
875	0	264600
875	132300	396900
876	0	264600
876	132300	396900
877	0	264600
877	132300	396900
878	0	264600
878	132300	396900
879	0	264600
879	132300	396900
880	0	264600
880	132300	396900
881	0	264600
881	132300	396900
882	0	264600
882	132300	396900
883	0	264600
883	132300	396900
884	0	264600
884	132300	396900
885	0	264600
885	132300	396900
886	0	264600
886	132300	396900
887	0	264600
887	132300	396900
888	0	264600
888	132300	396900
889	0	264600
889	132300	396900
890	0	264600
890	132300	396900
891	0	264600
891	132300	396900
892	0	264600
892	132300	396900
893	0	264600
893	132300	396900
894	0	264600
894	132300	396900
895	0	264600
895	132300	396900
896	0	264600
896	132300	396900
897	0	264600
897	132300	396900
898	0	264600
898	132300	396900
899	0	264600
899	132300	396900
900	0	264600
900	132300	396900
901	0	264600
901	132300	396900
902	0	264600
902	132300	396900
903	0	264600
903	132300	396900
904	0	264600
904	132300	396900
905	0	264600
905	132300	396900
906	0	264600
906	132300	396900
907	0	264600
907	132300	396900
908	0	264600
908	132300	396900
909	0	264600
909	132300	396900
910	0	264600
910	132300	396900
911	0	264600
911	132300	396900
912	0	264600
912	132300	396900
913	0	264600
913	132300	396900
914	0	264600
914	132300	396900
915	0	264600
915	132300	396900
916	0	264600
916	132300	396900
917	0	264600
917	132300	396900
918	0	264600
918	132300	396900
919	0	264600
919	132300	396900
920	0	264600
920	132300	396900
921	0	264600
921	132300	396900
922	0	264600
922	132300	396900
923	0	264600
923	132300	396900
924	0	264600
924	132300	396900
925	0	264600
925	132300	396900
926	0	264600
926	132300	396900
927	0	264600
927	132300	396900
928	0	264600
928	132300	396900
929	0	264600
929	132300	396900
930	0	264600
930	132300	396900
931	0	264600
931	132300	396900
932	0	264600
932	132300	396900
933	0	264600
933	132300	396900
934	0	264600
934	132300	396900
935	0	264600
935	132300	396900
936	0	264600
936	132300	396900
937	0	264600
937	132300	396900
938	0	264600
938	132300	396900
939	0	264600
939	132300	396900
940	0	264600
940	132300	396900
941	0	264600
941	132300	396900
942	0	264600
942	132300	396900
943	0	264600
943	132300	396900
944	0	264600
944	132300	396900
945	0	264600
945	132300	396900
946	0	264600
946	132300	396900
947	0	264600
947	132300	396900
948	0	264600
948	132300	396900
949	0	264600
949	132300	396900
950	0	264600
950	132300	396900
951	0	264600
951	132300	396900
952	0	264600
952	132300	396900
953	0	264600
953	132300	396900
954	0	264600
954	132300	396900
955	0	264600
955	132300	396900
956	0	264600
956	132300	396900
957	0	264600
957	132300	396900
958	0	264600
958	132300	396900
959	0	264600
959	132300	396900
960	0	264600
960	132300	396900
961	0	264600
961	132300	396900
962	0	264600
962	132300	396900
963	0	264600
963	132300	396900
964	0	264600
964	132300	396900
965	0	264600
965	132300	396900
966	0	264600
966	132300	396900
967	0	264600
967	132300	396900
968	0	264600
968	132300	396900
969	0	264600
969	132300	396900
970	0	264600
970	132300	396900
971	0	264600
971	132300	396900
972	0	264600
972	132300	396900
973	0	264600
973	132300	396900
974	0	264600
974	132300	396900
975	0	264600
975	132300	396900
976	0	264600
976	132300	396900
977	0	264600
977	132300	396900
978	0	264600
978	132300	396900
979	0	264600
979	132300	396900
980	0	264600
980	132300	396900
981	0	264600
981	132300	396900
982	0	264600
982	132300	396900
983	0	264600
983	132300	396900
984	0	264600
984	132300	396900
985	0	264600
985	132300	396900
986	0	264600
986	132300	396900
987	0	264600
987	132300	396900
988	0	264600
988	132300	396900
989	0	264600
989	132300	396900
990	0	264600
990	132300	396900
991	0	264600
991	132300	396900
992	0	264600
992	132300	396900
993	0	264600
993	132300	396900
994	0	264600
994	132300	396900
995	0	264600
995	132300	396900
996	0	264600
996	132300	396900
997	0	264600
997	132300	396900
998	0	264600
998	132300	396900
999	0	264600
999	132300	396900
